
# This file contains a CSPAD geometry generated by psgeom: 
# https://github.com/LinacCoherentLightSource/psgeom
#
# The following is a basis grid representation with the following vectors
#
#   p : position vector for an ASIC
#   s : slow-scan pixel vector
#   f : fast-scan pixel vector
#
# all units are mm. Each ASIC is 185 x 194 pixels.
# See the psgeom documentation for more information.


#            p_x        p_y        p_z           s_x        s_y        s_z           f_x        f_y        f_z

# QUAD 0
 0    -48705.90149 -2386.07518 1000103.20828     109.91997    0.08583    0.00505      -0.08582  109.91963   -0.27010
 1    -26065.70039 -2368.06125 1000062.80046     109.92000    0.02020   -0.00004      -0.02020  109.91976   -0.22972
 2    -95207.28340 40882.77707 1000026.81443      -0.03190 -109.91981   -0.19974     109.91984   -0.03156   -0.18686
 3    -95229.18579 18192.21760 1000073.02822      -0.05438 -109.91997   -0.05244     109.91969   -0.05425   -0.25745
 4    -52100.23205 87215.14871 1000017.56337    -109.91989    0.09838    0.12073      -0.09814 -109.91974    0.21707
 5    -75002.14945 87289.96007 1000027.40234    -109.91975    0.06814   -0.22606      -0.06786 -109.91989   -0.13643
 6    -48629.47603 85175.38081 999987.94637      -0.64569 -109.91810    0.01588     109.91810   -0.64569   -0.02260
 7    -48482.09083 62246.25926 999948.46040      -0.12115 -109.91993    0.00001     109.91993   -0.12115   -0.01262
 8    -5293.89926 48908.28557 1000129.53311       0.17042 -109.91914    0.39971     109.91985    0.17064    0.05997
 9    -5259.68772 26063.89242 1000001.20046      -0.02778 -109.91895    0.47850     109.91997   -0.02743    0.08091
10    37932.54190 95097.98115 1000221.20493    -109.91995   -0.05165    0.08947       0.05176 -109.91990    0.14135
11    15125.60941 95125.29887 1000207.89248    -109.91985   -0.07682    0.16312       0.07701 -109.91990    0.12359
12    84184.13067 52336.12807 1000140.49528       0.00127  109.91995    0.10515    -109.91999    0.00121    0.05554
13    84192.24887 75196.00516 1000172.03569      -0.13128  109.91990    0.07391    -109.91960   -0.13146    0.26750
14    81944.48511 48756.61896 1000056.56320    -109.91988   -0.11332    0.11590       0.11355 -109.91971    0.22448
15    59213.07479 48727.58634 1000035.25072    -109.91986   -0.14614    0.09506       0.14642 -109.91944    0.31795

# QUAD 1
16    46800.27958 5083.55446 1000000.00000    -109.91994    0.11612    0.00000      -0.11612 -109.91994    0.00000
17    23967.71881 5101.09924 1000000.00000    -109.91983   -0.19438    0.00000       0.19438 -109.91983    0.00000
18    93485.65219 -37555.30960 1000000.00000      -0.13498  109.91992    0.00000    -109.91992   -0.13498    0.00000
19    93460.41112 -15172.17825 1000000.00000      -0.01262  109.92000    0.00000    -109.92000   -0.01262    0.00000
20    50615.35347 -84232.72802 1000000.00000     109.91946    0.34329    0.00000      -0.34329  109.91946    0.00000
21    73164.17117 -84165.33353 1000000.00000     109.91976    0.22968    0.00000      -0.22968  109.91976    0.00000
22    46528.37251 -82204.97190 1000000.00000       0.05299  109.91999    0.00000    -109.91999    0.05299    0.00000
23    46618.65856 -59412.28989 1000000.00000      -0.04794  109.91999    0.00000    -109.91999   -0.04794    0.00000
24    2907.40775 -46780.36023 999986.93746       0.09592  109.91966    0.25770    -109.91991    0.09616   -0.10074
25    2932.94298 -24163.88422 999962.03530       0.15524  109.91982    0.12084    -109.91987    0.15518    0.06076
26    -39996.81389 -93450.25150 1000028.49624     109.91923    0.40381   -0.08433      -0.40386  109.91924   -0.06532
27    -17818.05246 -93413.03077 1000020.86912     109.91984   -0.18678    0.03690       0.18680  109.91982   -0.07315
28    -86729.04752 -50278.65942 1000018.39679       0.15020 -109.91990   -0.01054     109.91990    0.15020   -0.02270
29    -86639.25628 -73070.35612 999998.63378       0.33815 -109.91946   -0.06318     109.91947    0.33817   -0.04524
30    -84292.46071 -46535.04614 999981.40539     109.91975   -0.13226   -0.19452       0.13253  109.91982    0.15123
31    -61539.37635 -46655.23874 1000024.34084     109.91988   -0.16280   -0.00016       0.16280  109.91983    0.10601
