
# This file contains a CSPAD geometry generated by psgeom: 
# https://github.com/LinacCoherentLightSource/psgeom
#
# The following is a basis grid representation with the following vectors
#
#   p : position vector for an ASIC
#   s : slow-scan pixel vector
#   f : fast-scan pixel vector
#
# all units are mm. Each ASIC is 185 x 194 pixels.
# See the psgeom documentation for more information.


#            p_x        p_y        p_z           s_x        s_y        s_z           f_x        f_y        f_z

# QUAD 0
 0    -48705.90149 -2386.07518 1000103.20828     109.91997    0.08583    0.00505      -0.08582  109.91963   -0.27010
 1    -48722.55042 18938.33394 1000050.80799     109.91997    0.08583    0.00505      -0.08582  109.91963   -0.27010
 2    -26065.70039 -2368.06125 1000062.80046     109.92000    0.02020   -0.00004      -0.02020  109.91976   -0.22972
 3    -26069.61947 18956.37182 1000018.23538     109.92000    0.02020   -0.00004      -0.02020  109.91976   -0.22972
 4    -95207.28340 40882.77707 1000026.81443      -0.03190 -109.91981   -0.19974     109.91984   -0.03156   -0.18686
 5    -73882.83509 40876.65468 999990.56392      -0.03190 -109.91981   -0.19974     109.91984   -0.03156   -0.18686
 6    -95229.18579 18192.21760 1000073.02822      -0.05438 -109.91997   -0.05244     109.91969   -0.05425   -0.25745
 7    -73904.76688 18181.69229 1000023.08380      -0.05438 -109.91997   -0.05244     109.91969   -0.05425   -0.25745
 8    -52100.23205 87215.14871 1000017.56337    -109.91989    0.09838    0.12073      -0.09814 -109.91974    0.21707
 9    -52119.27125 65890.71879 1000059.67440    -109.91989    0.09838    0.12073      -0.09814 -109.91974    0.21707
10    -75002.14945 87289.96007 1000027.40234    -109.91975    0.06814   -0.22606      -0.06786 -109.91989   -0.13643
11    -75015.31494 65965.50056 1000000.93538    -109.91975    0.06814   -0.22606      -0.06786 -109.91989   -0.13643
12    -48629.47603 85175.38081 999987.94637      -0.64569 -109.91810    0.01588     109.91810   -0.64569   -0.02260
13    -27305.36440 85050.11611 999983.56148      -0.64569 -109.91810    0.01588     109.91810   -0.64569   -0.02260
14    -48482.09083 62246.25926 999948.46040      -0.12115 -109.91993    0.00001     109.91993   -0.12115   -0.01262
15    -27157.62393 62222.75595 999946.01144      -0.12115 -109.91993    0.00001     109.91993   -0.12115   -0.01262

# QUAD 1
16    -5293.89926 48908.28557 1000129.53311       0.17042 -109.91914    0.39971     109.91985    0.17064    0.05997
17    16030.55187 48941.38903 1000141.16634       0.17042 -109.91914    0.39971     109.91985    0.17064    0.05997
18    -5259.68772 26063.89242 1000001.20046      -0.02778 -109.91895    0.47850     109.91997   -0.02743    0.08091
19    16064.78584 26058.57150 1000016.89637      -0.02778 -109.91895    0.47850     109.91997   -0.02743    0.08091
20    37932.54190 95097.98115 1000221.20493    -109.91995   -0.05165    0.08947       0.05176 -109.91990    0.14135
21    37942.58337 73773.52115 1000248.62659    -109.91995   -0.05165    0.08947       0.05176 -109.91990    0.14135
22    15125.60941 95125.29887 1000207.89248    -109.91985   -0.07682    0.16312       0.07701 -109.91990    0.12359
23    15140.54879 73800.83758 1000231.86863    -109.91985   -0.07682    0.16312       0.07701 -109.91990    0.12359
24    84184.13067 52336.12807 1000140.49528       0.00127  109.91995    0.10515    -109.91999    0.00121    0.05554
25    62859.65339 52336.36341 1000151.27019       0.00127  109.91995    0.10515    -109.91999    0.00121    0.05554
26    84192.24887 75196.00516 1000172.03569      -0.13128  109.91990    0.07391    -109.91960   -0.13146    0.26750
27    62867.84727 75170.50197 1000223.93054      -0.13128  109.91990    0.07391    -109.91960   -0.13146    0.26750
28    81944.48511 48756.61896 1000056.56320    -109.91988   -0.11332    0.11590       0.11355 -109.91971    0.22448
29    81966.51457 27432.19481 1000100.11136    -109.91988   -0.11332    0.11590       0.11355 -109.91971    0.22448
30    59213.07479 48727.58634 1000035.25072    -109.91986   -0.14614    0.09506       0.14642 -109.91944    0.31795
31    59241.47973 27403.21447 1000096.93396    -109.91986   -0.14614    0.09506       0.14642 -109.91944    0.31795

# QUAD 2
32    46800.27958 5083.55446 1000000.00000    -109.91994    0.11612    0.00000      -0.11612 -109.91994    0.00000
33    46777.75138 -16240.91364 1000000.00000    -109.91994    0.11612    0.00000      -0.11612 -109.91994    0.00000
34    23967.71881 5101.09924 1000000.00000    -109.91983   -0.19438    0.00000       0.19438 -109.91983    0.00000
35    24005.42831 -16223.34742 1000000.00000    -109.91983   -0.19438    0.00000       0.19438 -109.91983    0.00000
36    93485.65219 -37555.30960 1000000.00000      -0.13498  109.91992    0.00000    -109.91992   -0.13498    0.00000
37    72161.18827 -37581.49635 1000000.00000      -0.13498  109.91992    0.00000    -109.91992   -0.13498    0.00000
38    93460.41112 -15172.17825 1000000.00000      -0.01262  109.92000    0.00000    -109.92000   -0.01262    0.00000
39    72135.93126 -15174.62721 1000000.00000      -0.01262  109.92000    0.00000    -109.92000   -0.01262    0.00000
40    50615.35347 -84232.72802 1000000.00000     109.91946    0.34329    0.00000      -0.34329  109.91946    0.00000
41    50548.75526 -62908.35201 1000000.00000     109.91946    0.34329    0.00000      -0.34329  109.91946    0.00000
42    73164.17117 -84165.33353 1000000.00000     109.91976    0.22968    0.00000      -0.22968  109.91976    0.00000
43    73119.61353 -62840.90008 1000000.00000     109.91976    0.22968    0.00000      -0.22968  109.91976    0.00000
44    46528.37251 -82204.97190 1000000.00000       0.05299  109.91999    0.00000    -109.91999    0.05299    0.00000
45    25203.89499 -82194.69222 1000000.00000       0.05299  109.91999    0.00000    -109.91999    0.05299    0.00000
46    46618.65856 -59412.28989 1000000.00000      -0.04794  109.91999    0.00000    -109.91999   -0.04794    0.00000
47    25294.18059 -59421.59072 1000000.00000      -0.04794  109.91999    0.00000    -109.91999   -0.04794    0.00000

# QUAD 3
48    2907.40775 -46780.36023 999986.93746       0.09592  109.91966    0.25770    -109.91991    0.09616   -0.10074
49    -18417.05513 -46761.70526 999967.39318       0.09592  109.91966    0.25770    -109.91991    0.09616   -0.10074
50    2932.94298 -24163.88422 999962.03530       0.15524  109.91982    0.12084    -109.91987    0.15518    0.06076
51    -18391.51251 -24133.78018 999973.82194       0.15524  109.91982    0.12084    -109.91987    0.15518    0.06076
52    -39996.81389 -93450.25150 1000028.49624     109.91923    0.40381   -0.08433      -0.40386  109.91924   -0.06532
53    -40075.16181 -72125.91920 1000015.82390     109.91923    0.40381   -0.08433      -0.40386  109.91924   -0.06532
54    -17818.05246 -93413.03077 1000020.86912     109.91984   -0.18678    0.03690       0.18680  109.91982   -0.07315
55    -17781.81308 -72088.58628 1000006.67879     109.91984   -0.18678    0.03690       0.18680  109.91982   -0.07315
56    -86729.04752 -50278.65942 1000018.39679       0.15020 -109.91990   -0.01054     109.91990    0.15020   -0.02270
57    -65404.58788 -50249.52085 1000013.99294       0.15020 -109.91990   -0.01054     109.91990    0.15020   -0.02270
58    -86639.25628 -73070.35612 999998.63378       0.33815 -109.91946   -0.06318     109.91947    0.33817   -0.04524
59    -65314.87900 -73004.75031 999989.85817       0.33815 -109.91946   -0.06318     109.91947    0.33817   -0.04524
60    -84292.46071 -46535.04614 999981.40539     109.91975   -0.13226   -0.19452       0.13253  109.91982    0.15123
61    -84266.75040 -25210.60182 1000010.74370     109.91975   -0.13226   -0.19452       0.13253  109.91982    0.15123
62    -61539.37635 -46655.23874 1000024.34084     109.91988   -0.16280   -0.00016       0.16280  109.91983    0.10601
63    -61507.79297 -25330.79204 1000044.90761     109.91988   -0.16280   -0.00016       0.16280  109.91983    0.10601
