
# This file contains a CSPAD geometry generated by PyPad: 
# http://www.github.com/tjlane/pypad
#
# The following is a basis grid representation with the following vectors
#
#   p : position vector for an ASIC
#   s : slow-scan pixel vector
#   f : fast-scan pixel vector
#
# all units are mm. Each ASIC is 185 x 194 pixels.
# See the PyPad documentation for more information.


#            p_x        p_y        p_z           s_x        s_y        s_z           f_x        f_y        f_z

# QUAD 0
 0      43.37558    0.34090    0.10109      -0.10992    0.00008   -0.00001       0.00008    0.10992   -0.00027
 1      43.39245   21.94011    0.04777      -0.10992    0.00008   -0.00001       0.00008    0.10992   -0.00027
 2      20.73201    0.35862    0.06123      -0.10992    0.00002   -0.00000       0.00002    0.10992   -0.00023
 3      20.73597   21.95785    0.01584      -0.10992    0.00002   -0.00000       0.00002    0.10992   -0.00023
 4      89.68139   43.74981   -0.07806       0.00002   -0.10992    0.00020      -0.10992   -0.00002    0.00019
 5      68.08214   43.74361   -0.04136       0.00002   -0.10992    0.00020      -0.10992   -0.00002    0.00019
 6      89.70491   21.06101   -0.03404       0.00007   -0.10992    0.00006      -0.10992   -0.00007    0.00026
 7      68.10569   21.05035    0.01678       0.00007   -0.10992    0.00006      -0.10992   -0.00007    0.00026
 8      46.44232   89.90560    0.14045       0.10992    0.00004    0.00012       0.00004   -0.10992   -0.00022
 9      46.46165   68.30637    0.09781       0.10992    0.00004    0.00012       0.00004   -0.10992   -0.00022
10      69.34062   89.96876   -0.01191       0.10992    0.00008   -0.00023       0.00008   -0.10992    0.00014
11      69.35401   68.36950    0.01512       0.10992    0.00008   -0.00023       0.00008   -0.10992    0.00014
12      43.10020   88.04630   -0.01795       0.00065   -0.10992   -0.00002      -0.10992   -0.00065    0.00002
13      21.50129   87.91942   -0.01324       0.00065   -0.10992   -0.00002      -0.10992   -0.00065    0.00002
14      42.95140   65.12737   -0.04596       0.00012   -0.10992    0.00000      -0.10992   -0.00012    0.00001
15      21.35213   65.10356   -0.04348       0.00012   -0.10992    0.00000      -0.10992   -0.00012    0.00001

# QUAD 1
16      -0.33128   43.57669    0.20357      -0.00017   -0.10992   -0.00040      -0.10992    0.00017    0.00006
17     -21.93053   43.61017    0.21548      -0.00017   -0.10992   -0.00040      -0.10992    0.00017    0.00006
18      -0.36779   20.73021    0.09051       0.00002   -0.10992   -0.00048      -0.10992   -0.00002    0.00008
19     -21.96706   20.72475    0.10663       0.00002   -0.10992   -0.00048      -0.10992   -0.00002    0.00008
20     -43.69720   89.57166    0.29339       0.10992   -0.00005   -0.00009      -0.00005   -0.10992   -0.00014
21     -43.70737   67.97240    0.26536       0.10992   -0.00005   -0.00009      -0.00005   -0.10992   -0.00014
22     -20.89253   89.59913    0.28933       0.10992   -0.00008   -0.00017      -0.00008   -0.10992   -0.00012
23     -20.90767   67.99987    0.26477       0.10992   -0.00008   -0.00017      -0.00008   -0.10992   -0.00012
24     -89.75790   46.67081    0.16198       0.00000    0.10992    0.00011       0.10992   -0.00000   -0.00006
25     -68.15862   46.67106    0.15082       0.00000    0.10992    0.00011       0.10992   -0.00000   -0.00006
26     -89.76606   69.52922    0.27023       0.00014    0.10992    0.00008       0.10992   -0.00014   -0.00027
27     -68.16686   69.50343    0.21740       0.00014    0.10992    0.00008       0.10992   -0.00014   -0.00027
28     -87.71142   43.23953    0.16507       0.10992   -0.00007   -0.00012      -0.00007   -0.10992   -0.00023
29     -87.73373   21.64031    0.12069       0.10992   -0.00007   -0.00012      -0.00007   -0.10992   -0.00023
30     -64.97936   43.20212    0.17879       0.10992   -0.00015   -0.00010      -0.00015   -0.10992   -0.00032
31     -65.00813   21.60295    0.11604       0.10992   -0.00015   -0.00010      -0.00015   -0.10992   -0.00032

# QUAD 2
32     -43.56475   -0.34395    0.00000       0.10992    0.00012    0.00000       0.00012   -0.10992    0.00000
33     -43.54194  -21.94322    0.00000       0.10992    0.00012    0.00000       0.00012   -0.10992    0.00000
34     -20.73372   -0.32467    0.00000       0.10992   -0.00020    0.00000      -0.00020   -0.10992    0.00000
35     -20.77191  -21.92392    0.00000       0.10992   -0.00020    0.00000      -0.00020   -0.10992    0.00000
36     -90.08525  -43.09738    0.00000       0.00016    0.10992    0.00000       0.10992   -0.00016    0.00000
37     -68.48599  -43.12390    0.00000       0.00016    0.10992    0.00000       0.10992   -0.00016    0.00000
38     -90.03267  -20.74213    0.00000       0.00002    0.10992    0.00000       0.10992   -0.00002    0.00000
39     -68.43339  -20.74461    0.00000       0.00002    0.10992    0.00000       0.10992   -0.00002    0.00000
40     -47.04280  -89.60429    0.00000      -0.10992    0.00033    0.00000       0.00033    0.10992    0.00000
41     -46.97534  -68.00511    0.00000      -0.10992    0.00033    0.00000       0.00033    0.10992    0.00000
42     -69.58599  -89.53962    0.00000      -0.10992    0.00023    0.00000       0.00023    0.10992    0.00000
43     -69.54086  -67.94039    0.00000      -0.10992    0.00023    0.00000       0.00023    0.10992    0.00000
44     -43.10851  -87.77494    0.00000      -0.00003    0.10992    0.00000       0.10992    0.00003    0.00000
45     -21.50923  -87.76453    0.00000      -0.00003    0.10992    0.00000       0.10992    0.00003    0.00000
46     -43.18158  -64.98706    0.00000      -0.00004    0.10992    0.00000       0.10992    0.00004    0.00000
47     -21.58230  -64.99648    0.00000      -0.00004    0.10992    0.00000       0.10992    0.00004    0.00000

# QUAD 3
48       0.42047  -43.34709    0.05926      -0.00009    0.10992   -0.00026       0.10992    0.00009   -0.00010
49      22.01973  -43.32824    0.03942      -0.00009    0.10992   -0.00026       0.10992    0.00009   -0.00010
50       0.39419  -20.73051   -0.01899      -0.00016    0.10992   -0.00012       0.10992    0.00016    0.00006
51      21.99344  -20.70001   -0.00684      -0.00016    0.10992   -0.00012       0.10992    0.00016    0.00006
52      43.46477  -89.82365   -0.02164      -0.10992    0.00041    0.00009       0.00041    0.10992    0.00007
53      43.54413  -68.22452   -0.00849      -0.10992    0.00041    0.00009       0.00041    0.10992    0.00007
54      21.28911  -89.78446    0.00218      -0.10992   -0.00020   -0.00004      -0.00020    0.10992    0.00007
55      21.25241  -68.18522    0.01657      -0.10992   -0.00020   -0.00004      -0.00020    0.10992    0.00007
56      90.00066  -46.50030    0.01106      -0.00017   -0.10992   -0.00001      -0.10992    0.00017    0.00002
57      68.40140  -46.47079    0.01552      -0.00017   -0.10992   -0.00001      -0.10992    0.00017    0.00002
58      89.91470  -69.29451   -0.01995      -0.00032   -0.10992   -0.00007      -0.10992    0.00032    0.00005
59      68.31552  -69.22806   -0.01078      -0.00032   -0.10992   -0.00007      -0.10992    0.00032    0.00005
60      87.76595  -42.90565   -0.00220      -0.10992   -0.00012    0.00019      -0.00012    0.10992   -0.00015
61      87.73991  -21.30641   -0.03196      -0.10992   -0.00012    0.00019      -0.00012    0.10992   -0.00015
62      65.01742  -43.02506    0.08265      -0.10992   -0.00019    0.00000      -0.00019    0.10992   -0.00011
63      64.98543  -21.42582    0.06157      -0.10992   -0.00019    0.00000      -0.00019    0.10992   -0.00011
